353 5 483 199 89 .
690 252 954 72 855 .S
586 101 427 879 271 +
453 131 462 405 394 -
602 828 456 264 157 /
726 837 895 323 411 *
230 676 417 66 228 DUP
858 756 832 813 180 SWAP
687 751 634 467 983 DROP
257 920 466 719 325 OVER
861 673 506 669 938 ROT
663 747 127 558 70 .
890 140 98 307 206 .S
326 518 315 159 683 +
847 846 786 481 665 -
769 91 937 236 810 /
615 449 836 121 118 *
126 136 865 253 694 DUP
287 495 186 385 803 SWAP
745 712 673 60 871 DROP
356 259 69 494 741 OVER
87 264 832 24 852 ROT
994 639 301 182 760 DUP DROP OVER - . 
923 409 481 308 * - / DUP * 
945 DUP DROP 104 SWAP 
