822 128 555 169 768 208 351 880 .
979 660 129 615 925 71 890 334 .S
552 199 898 130 571 135 768 167 +
80 18 184 872 8 288 575 831 -
768 483 352 888 43 55 769 23 /
67 898 990 993 321 881 327 226 *
80 226 356 3 361 477 522 794 DUP
495 706 666 503 346 593 686 467 SWAP
428 390 355 472 446 124 847 513 DROP
374 837 506 48 718 834 274 150 OVER
412 982 154 125 459 28 919 954 ROT
735 937 810 433 883 496 252 663 .
887 608 487 685 84 334 198 459 .S
524 705 859 242 891 133 393 303 +
115 899 428 927 927 700 233 14 -
989 395 800 872 892 52 888 131 /
12 375 168 97 710 366 908 234 *
423 767 828 314 900 573 969 367 DUP
824 398 646 104 450 232 118 439 SWAP
627 270 312 871 323 200 2 335 DROP
927 170 784 989 889 692 575 312 OVER
459 404 979 711 329 948 431 154 ROT
346 429 258 796 661 728 588 289 OVER .S DROP + . 
361 731 37 146 721 278 / 
591 2 700 570 65 - DROP ROT 
