987 264 20 336 837 788 .
42 680 331 146 421 247 .S
475 824 37 308 2 20 +
317 188 615 740 703 417 -
721 687 279 558 733 490 /
566 72 754 587 408 944 *
727 803 624 59 301 397 DUP
658 777 221 695 85 576 SWAP
67 754 764 35 847 467 DROP
452 568 507 731 478 240 OVER
573 45 665 328 984 73 ROT
624 63 228 248 122 530 .
646 132 307 219 828 744 .S
795 247 499 912 282 698 +
731 86 618 238 817 97 -
831 391 494 496 71 830 /
569 695 893 150 295 368 *
680 941 500 987 513 680 DUP
731 660 928 582 572 562 SWAP
632 656 649 251 894 818 DROP
700 725 561 546 221 632 OVER
376 143 679 621 293 327 ROT
989 973 268 490 312 133 - 
794 450 330 718 13 / ROT / 
269 480 265 * .S 
