730 312 788 602 395 .
500 400 36 323 504 .S
322 122 376 410 411 +
318 285 654 923 367 -
107 741 5 489 449 /
630 461 803 664 943 *
646 395 607 786 997 DUP
354 287 750 743 610 SWAP
254 65 732 983 827 DROP
495 301 112 150 225 OVER
479 609 966 485 98 ROT
415 467 911 571 131 .
207 217 878 814 3 .S
876 521 642 978 264 +
604 232 681 689 215 -
508 184 517 620 686 /
742 451 295 60 288 *
745 827 107 657 398 DUP
239 216 967 469 30 SWAP
971 697 903 965 675 DROP
519 570 908 200 259 OVER
475 60 795 992 32 ROT
482 86 484 777 498 DUP / .S / * 
823 748 692 .S DUP SWAP 
34 332 17 553 DROP / 401 ROT 
