278 146 365 939 874 953 580 .
225 205 93 899 9 608 613 .S
741 997 759 462 276 301 758 +
219 303 811 789 369 193 659 -
217 81 876 495 227 594 787 /
453 547 367 679 753 460 930 *
762 420 543 855 418 654 317 DUP
46 956 428 265 611 239 54 SWAP
980 784 65 198 217 294 45 DROP
444 888 832 249 435 200 280 OVER
540 660 211 655 433 754 510 ROT
851 761 180 897 717 608 162 .
328 199 568 661 335 633 859 .S
552 927 256 348 167 89 597 +
955 289 878 495 301 441 502 -
734 547 365 937 308 897 834 /
377 505 348 58 56 916 719 *
391 902 930 943 829 186 291 DUP
349 275 240 304 916 470 799 SWAP
218 911 654 304 459 371 242 DROP
119 268 428 497 125 777 555 OVER
181 45 274 572 947 556 867 ROT
129 742 510 478 370 750 782 OVER DUP . DROP 
939 513 295 310 107 415 578 . 
55 312 819 236 710 445 DUP 
