717 318 37 187 118 .
183 874 937 382 482 .S
855 362 688 678 237 +
183 850 513 848 551 -
169 266 358 134 148 /
371 302 108 683 47 *
50 401 717 87 940 DUP
835 270 166 125 4 SWAP
0 980 367 689 10 DROP
604 872 212 117 72 OVER
763 638 690 121 124 ROT
190 492 427 650 528 .
826 700 929 543 787 .S
221 731 410 387 856 +
414 388 836 781 429 -
846 737 653 59 207 /
77 822 197 119 296 *
322 309 140 749 959 DUP
668 927 659 949 470 SWAP
798 170 553 208 910 DROP
409 975 650 597 756 OVER
431 796 846 84 207 ROT
53 513 381 250 632 OVER .S * 
673 252 838 600 911 SWAP / + .S 
270 572 738 ROT 
