504 804 754 495 594 399 .
761 613 269 602 379 498 .S
448 214 162 162 312 663 +
68 582 822 77 597 531 -
289 849 158 424 915 373 /
477 771 177 583 266 124 *
983 379 737 604 981 469 DUP
103 782 683 617 944 348 SWAP
280 365 282 103 442 231 DROP
986 83 81 145 507 348 OVER
870 984 119 48 568 737 ROT
524 903 468 261 507 450 .
730 962 584 766 579 880 .S
114 212 245 748 315 40 +
980 301 123 61 798 983 -
761 669 967 232 69 887 /
321 593 790 789 854 650 *
591 937 612 527 703 192 DUP
408 169 404 5 917 71 SWAP
397 897 724 521 310 523 DROP
856 423 192 823 655 261 OVER
63 328 854 205 470 60 ROT
855 61 997 820 589 52 DUP DROP DUP 
354 491 191 104 740 915 977 DROP OVER .S . 
8 834 243 423 514 449 .S .S OVER . DUP 
