23 699 247 550 756 178 175 .
557 834 434 242 252 809 463 .S
854 201 358 155 550 3 794 +
305 693 234 861 577 908 492 -
208 292 464 231 991 63 133 /
748 594 308 657 428 742 252 *
33 904 715 887 457 73 42 DUP
359 76 188 16 122 422 878 SWAP
699 331 370 259 975 187 490 DROP
319 250 623 419 196 283 428 OVER
625 26 680 658 282 395 897 ROT
739 469 292 99 897 480 115 .
19 903 993 70 586 716 329 .S
913 903 171 232 505 794 651 +
702 430 80 327 456 760 337 -
90 156 234 829 977 878 280 /
226 359 396 598 614 741 668 *
552 457 350 465 360 521 698 DUP
218 668 701 920 98 781 247 SWAP
906 894 936 996 50 522 177 DROP
379 401 458 605 112 854 203 OVER
78 947 224 630 757 926 95 ROT
469 447 145 687 467 847 607 - ROT ROT 
874 142 171 276 665 349 SWAP 
807 613 530 13 168 608 / 
