309 745 199 143 184 35 .
920 682 159 795 360 743 .S
327 437 918 75 481 211 +
206 496 553 592 180 570 -
145 435 848 251 948 601 /
770 609 698 969 752 882 *
356 25 917 867 820 629 DUP
611 148 66 529 575 547 SWAP
92 781 395 997 373 576 DROP
920 871 11 120 474 311 OVER
721 244 273 771 565 377 ROT
6 273 402 275 141 223 .
904 104 723 323 985 298 .S
870 430 432 618 427 157 +
194 699 28 557 819 855 -
220 892 451 845 664 369 /
223 22 642 625 297 135 *
200 553 239 923 876 225 DUP
574 99 7 6 717 434 SWAP
163 263 486 544 820 305 DROP
751 392 550 202 238 566 OVER
923 461 588 566 438 237 ROT
701 991 790 293 914 667 * 
766 877 846 483 663 * DUP + 
270 807 657 662 . SWAP / / 215 + 
