378 187 63 58 161 .
708 737 150 33 5 .S
992 697 491 515 92 +
285 965 774 355 330 -
737 730 344 302 351 /
177 568 697 571 379 *
617 949 919 32 359 DUP
432 740 96 582 125 SWAP
454 927 822 945 442 DROP
267 582 759 41 937 OVER
442 130 667 786 433 ROT
370 963 353 68 534 .
84 37 484 355 70 .S
195 787 162 292 722 +
640 746 649 462 43 -
443 81 625 554 475 /
914 996 605 934 783 *
390 304 746 95 372 DUP
633 180 762 117 535 SWAP
184 664 675 346 956 DROP
397 986 54 46 801 OVER
449 841 882 426 395 ROT
357 341 392 315 275 / .S + 
801 304 906 * DROP 602 40 ROT 948 + 
287 403 690 ROT 204 DUP 674 631 ROT 384 - 
